2
50
2 16
a2
2 16
a5
0
50
0
50
1
50
1 16
2
1 16
c
1
50
1
2
99.98
4
3
0
0
3
3
0
50
0
50
99.98
2
50
1 16
c
1 16
2
1 16
2
0
50
0
0
0
0
900.02
4
0
50
1
50
1 16
2
1 16
c
1
50
1
2
99.98
4
3
0
0
3
3
0
50
0
50
0
50
0
50
1
50
1
2
1
1
99.98
2 16
c2
1 16
3
1 16
3
0
50
0
0
0
0
1500
0
0
50
0
50
0
50
0
50
0
50
0
50
1
50
1
0
0
1
0
1
50
1
6 16
jacket
49.99
18
10 16
cool denim
3
1
20
1
50
2
3
1
5
50
15 16
Check sent to c
16 32
Check sent to c2
17 32
c made a purchase
18 32
c2 made a purchase
17 32
c made a purchase
4
50
1 16
0
1 16
1
1 16
2
1 16
3
4
50
1 16
a
1 16
b
1 16
c
2 16
c2
1
1
1
50
1 16
a
1 16
0
1 16
0
1
50
1 16
b
1 16
1
1 16
1
